480 776 158 690
599 214 113 853 658 833 572 84
64 316 609
323 476 453 739 352 722
453 147 109 113 212
814 952
41 941 372 183 471 730 605 256 840 484
580 332 368 769 151
853 41 160 643 373 61 653 63 687
616 742 643
28 328
681 352 688 831 970 569 119 363
158 755 633 245 965 8 15 160 688
276 996 575 679 82 978 469 703 302 505
657 692 694 99 653 840 389 55 166 756
622 63 345 20 391 815 284 759
986 996 919 197 338 825 441 72 714
417 864 842 69 492 9
361 950 412
161 244 407 422 697
5 107 642 979
313 560 870
961 923 238 442 756 542 733 218
202 150 753 470 693 336 635 965
52 535 679 91 800 396 877 524
569 660 660 711 778 578 675 419 364
547 55
579 26
666 150 994
999 425 343
551 2 428 813 147 736 551 157 787 317
991 388 242 984
279 419 151 384
969 960 515 224 131 84 10 875 101
364 912 860 293 758
949 251 425 532 276 159 517 635
879 328 547 688 562 777
428 628
701 896 253 117 359 815
198 635 683 84 380 796 886
880 98 801 198 959 88 103 612 834
560 917
839 784 505
705 290
351 951 960 615 726 113 658 672 912 310
674 828 954 225 827 316 180
525 56 675 795 882 149 34 747
784 50 630 18 830 693 20 439 798 270
770 373 311 503 898 699
807 176 158 199 592 631 885 696 33 521
314 377 807
635 314
933 407 852 596 523 404
170 59 395 671 538
189 50 106 655 154 966 68 265 378 582
287 417 785 2
961 580
570 797 233 496 3 973 12 837 789 361
90 352
915 651
123 346 662
872 817 687 387 853 577 582 898 896 532
304 857 231 82 796
19 526 359 541 61
918 958 961 609 862 706 98
377 356 526 211 924 330 999 500 740 439
613 544 161 942
535 601 669 536 694 555 733 528
508 323 505 764 129 462 542 559 915
102 460 760 103 751 907 654
657 426 733 495 370 498 126 533
878 622 317 640 377 229 461 878 228
657 984 521 460
369 344 131 687 474 490 373 781 394
950 942 93 180 470 98 147 610
529 416
401 501 828 131 1 734 355
951 728 37 707 33 440 449
16 29 723 32 975 729 760 389
75 950 851
273 165 725 281 573 619 272
437 599 523 370 544 47 143 656 994 503
586 771 265 602 387 450 316 247 681 577
789 594 127 89 554 559
608 809 730 664 402 365 186 32
896 327 360 613 9 680
51 692 627 513 984 629 714 821
650 483 859 644 611 490 627 828 80
343 83
880 230 737 883 727 105 344 168
193 729 479 334 908 384
224 346 887 18 920
396 566 525 661 225 465 944 582 853 479
365 243 246
734 788
645 516 694 347 377 844 479 975 264 644
490 221 287 935
689 415 943 21 557 505 128
694 691 287 570 609 31
955 498 720 977 40 817
934 786 716 940 39
765 868 188 828 622 514 177 436 911
647 674 404 341 75 498
464 872 396 221 719
480 981 316
281 200
991 491 710 250 945 966 367 523
308 408 402 50 463 937
258 488
121 911
64 55 567 735 152 344
312 997 971 98 499
292 954 773 514
249 108 337
940 604 775 547 224 95 591 666
608 289 321 163
136 846 671 386 878 374 979 769 434
600 605 729 462 682
890 210 830 907 987 901 305
614 193 920 57 529 751
181 702 955 973 3 616 926 839 903 559
760 660 161 560 649 172 157 238 814 770
899 642 587 675 550 178 539 947 194
762 598 745 487 391 193 472 224 776 844
159 685 851 838 717 1 864 892 437
994 193 477 825 626 327
169 396 354
449 606 941 126 588
183 720 819 123 272 66 326 214 239 398
164 554 528 876 263
471 475 344 835 47 180 293
754 498
230 693 387 118 336 226
997 802
758 975 449 548 906 242 319 269
62 853 195 370 298 595 301 976 173
237 839 424 171 889 485 792 781
180 435 402 245 384 613 161 470 76 485
556 177 12 496 290 667 111 451
562 896 764 909
115 26 111
425 463
661 763 218 472 170 18
113 1 906 84
749 578 568 6 626
287 479 978 961 656 109 672 382
769 814 768 704 384
524 379 43 889 850 275 676 104 670
603 385 882 197 732 430
374 719 10 211 79 614 440 416
73 498 875 403 161 83 711
546 88
887 217 23
995 196 818 845
393 163 394 688 29 521 822
395 182 904
129 55 591 509 762 114 241 859 153 832
236 275 284 540 689
254 606 406 824 528
644 27 608 289 789
820 274 395 709 544 158 642
655 212 454 665 548 844 341 17 234 265
427 219 923 470
749 476 396 58 453 557
844 805
739 480 412 392 578
881 97
341 795 864 386 967
943 775 549 606 821
990 242 11
971 716 475 476 508 871 674 871 615
410 251 854 55 177
453 505
572 880
19 528
697 70 599 320 582 272 958 20 823
944 813 551 607
889 826 617 776
185 323
34 586 92 20 156 253
384 90 489 486 552 918 623 186 353 75
632 120 199
101 913 941 790
929 809 27 585 697 286 923 15
662 823 469 795 903 344 543 555 418
981 506 317 422 139 447 169
402 998 976 352 829 686 381 656 235
543 925
527 763 687
858 857 493 356 581 277 794 589
832 351
614 37 586 989 886 815 185 855
19 621
542 990 771 586 233 822 444 141 588
297 792 921
857 362
749 456 326 247 672 573 598 290 667 578
459 409 975 227 688 538 568 246 311
535 89
131 16 372
276 115 637 456 595 58
132 189 633 826 307 374 688 934 669
352 763 90 900 859 214
228 656 327 82 663 753
887 805 284 930 195 945 448 52
322 966 441 956
722 288 939 725 169
264 642 350 419 65 608
429 12
506 238 568
767 787 231 614 67 37 832 849 352 330
623 658 934 182
191 432 230 521 974 511 29 421
863 345 83 859 103 658 697
207 684 870 25 621 694 14
493 618 105 718 948 424 148
145 447 484 804 117
472 851 482
279 34 521 596 500 28
881 148 440 696 413 996
672 313 911 437
334 915 869 947 537 470 379 631 851
10 63 918 49 142
870 573 934 223 632 845 124 792 280
174 377
779 864 229 481 499 676 237
748 738 199 283
856 387 90 443 103 652 117
355 672 665 501 186 715 362 561 82
282 808 934 495 638 892
238 441 18 738 903 171 424
905 549 457 431 516 305 725
936 147 878
191 739
96 91 41
6 289 965 777 519 691 34 565 695 880
339 736 562
540 699 595 57 157 260 517 26 121
414 302 734 132 479 871 54 841 420
726 135 668 189 277 270 269 726
646 538 113 250 687
447 736 161
518 670 78 472 999 107 662 81 199
375 507 447
844 508 921 618 67 330 491
612 797 319 991
951 448
339 346 40 530 225
761 762 442 323 715
149 372 841 803 913 566 154 677 528
237 512 733 694 364 789 859
803 432
805 817
535 906 200 216
338 821 724 237 233
895 581 613 406 901 951 705 207
184 955 153 515
939 743 517 766 449 455 35 859 741
190 503 729 421 22
531 437 361
756 165 319 807 410 611 74
124 976 108 449 917
877 127 55 423 738 154 274 725 400 112
982 901 297 263 50 676 187 676 912 685
902 177 518 232 191 753
814 266 397 716 243
367 877 562
1 354 33
305 650 182 650 915 418 614 660 30 525
198 40 443 946 828 666 69
579 69 372 286
221 610 536 184 737 567 391 511 490
268 880 771 549 614 46 448 692 609 142
827 318 156 62 996 603 688 757
405 129 143 785
697 97 707 737 217 8 13 313 940
429 123 979 771
360 609 91 768
942 455 694 63 489 490
289 61
223 625 795 771 7
512 815
559 152 904 738 461 517 820 586
355 795 868 962 318 672
904 301 496 192 323 934 693 523 434 331
357 141 665 238 590 832 564 233 801 102
221 644
600 818
519 314 844 444 623 94
809 697 390 62 855
238 594 175 441 974
390 920 633 402 45 253 942 655 536 515
903 144 675 119 161 827 139
917 981 128 720 74
898 17 187 596
21 325 492 777 574 813 177 66 352 272
226 437 148 618 58 939 897 895 904 590
377 70 410 167 541
808 841 682 673 212 560 790 420 735 32
201 356 140 485 190 657 793
386 485 410 541 841 905 695 12 556
476 911 473 705 878
263 189
723 926 614 183
537 889 594 505 783 395
569 716 639 739 934 998 153
793 330
604 398 278 629
829 387 562 566 695 439 235 251 954 622
916 709 627 77 345 74 905
651 857 844 1000 244 553 601 429 326 954
757 66
461 754 687 167 562
995 939 684
891 614 272
998 805 29 280 889 283 727 102 407 662
770 246 389 626 655 800 975 135
984 412 362 234 949 410 594
165 1000
599 638 503 828
549 103 202 195 723 22
304 662 217 953
704 825 805 569 816 335
267 273 158 204 364 835 325 608 744 335
694 300 545 526 920 74 56
219 615 209
730 188 795 707 787 260
977 833 3 693 606 855 777 879 485 615
254 886 469 422 388 369 208 626 462 5
514 939 366
829 637 121 980 652 936 828 710 382
698 775 190 808 12
21 232 205 646 88 483 614 905
95 145 186 177 892 574
330 399 32
152 78 691 283 367 614 845
268 41 975 574 601 298
114 243 998 863 323 762 891 332
688 464 260 724 478 997
300 802 949 894 519 325 562 426 163 795
175 186 227 553 285 642 506 525 322 635
218 855 926 926 77
108 32 170 30 941 649 462 104
946 292 207 427 948 910 737 891 940
168 753 609 839 799 358 103
280 726 181 240 710
671 463 563 889 543 76
600 704 300 639 577 728 799
267 935 576 367
234 205 651 773 932 104
52 373 360 125 657 566 687 449 850 656
516 934 303 668
809 162 30 699 567 462 134 504 705
520 114 416
473 993 366 868 39 991 392 566
396 696 344 837 230 398
509 168 812 460 422 30 231 13 968 963
164 222 1000 179 586 556
959 223 852
925 793 492 509 232 629 658
957 725
512 369
492 548 577 478 130 974 18 410 432 18
987 420 434
306 122 276
133 587 506 820 831 360 407 805 673 305
64 772 659 988 407
983 799 393 664 512 799
687 552 135 703
786 703 933 927 915 1
579 798 277 475 204 307
289 208 73 238 260 379 98 399
902 766 239 440 565 15 626 352
119 98 23 87 607 871
225 417 229 648 409 199 245
358 763 886 538 726 622 395 175 800 983
870 592 318
949 75 140 341 28 468 918
328 674 79 531 215 823
351 855
596 321 904 371 822 442
119 619 67 838 158 427
167 964 372 572 569 300 634 531 140 142
151 363 702 571
387 489 96 196 936 144 885 789 558
914 417 114 36 949 525
284 389 802 289 723 556 394
766 671 48 113 672 268 483
265 674
38 841 303
61 988 935 339 763 526 516 36 725 365
218 481 328 637 109 768 387 920 915 667
588 994 706 943 405 242 676 896 41
329 547 3 371 252 895 960 77 426 980
641 353 251 333 656 844
66 60 724 202 941 836 196
12 539 492 855 933 498 754
805 839
887 88 190 705 865
32 896 803 281 342 688 508 779
47 586 227 141
448 960 705 2 382 47 585
987 308 470 8
339 178 262 712 252 149 104 724 197
945 624 19 459 160
360 576 859 703 978 433 933 658 179
131 404 770 540 256 385 701 170 223 714
773 828 89 718 561
674 794 329 94 114 697 702 194 469
202 132 185 601 459 426 256 743
652 65 279
590 833 805 731
432 96 875 144 219 373 113 56
81 507 230 767
317 625 227 105 642 35
272 91 92 244 626 104 98 282 59 436
81 664 748
839 919 173 346 101 453 103 692 69
254 404 134 508 594 330 600 684 210
185 904 700
159 780
354 753 255 916 275 475 489 111 731
461 756 491 209 345 87
166 210 830 971
942 626 107 142 156 784
944 809 827 726 691 785 428 127 608 64
558 191 406 191
29 568 33 937
656 480 991 370 857 406 569 25 437
601 13 254 895 56 609 646 56 689 715
795 907
384 170 644 519 852 535 322 871 436
736 829 534
221 425 490 198 81 262 736
824 655 107 189
536 466 897
321 243 798 831 730 253 290
757 44 617 757 304 840 106 459 132 113
317 907 270 358 98
741 795
952 687 586 147 907 367 974 882 367
778 221
115 480 205
67 135 325
143 707
295 521 573 700 49 161
98 645 500 450
560 663 430 724 169 557 403 51 153
200 52 70 451 703 695 859
660 647 720
524 866 432
241 520 364 641 49 771 884 984
58 177 454 141 199 346 671 42 323
628 596 494 984
286 553 438 245 88 475
750 709 969 235 497 57 5 965
823 913 628 168 210 736 558 656 479
368 166 701 772
579 159 867 164 953 925 918 928 773
495 639 5 372 210
11 958 560 861 825 698 256
605 45 586 159 355 115 888 899
226 153 547 61 485 24 246 187 23
440 1000 139
376 780
419 112 528
162 5 407 236 419 951
533 780 294 44
198 948 844 603 713 374 202 573
47 433 578 784 591 667 250 95
353 239 916 103 337 554
8 747 693 473 645
412 330
149 830 770 45 947 809
802 342 917
629 26
40 816 30
306 236 799 480 778 823 621
730 92 240
417 533 775 393 594 782 559
422 755 421 719 219 329
718 65 951 518 187 688
785 493 926 498 238
574 271 820 132 112 501 753 33 646
33 567 701 184 377 704 824
616 652 951 722 721 370 436 929 146
708 430 875 551 143 758 276 480 763 47
99 584 842 714 840 795 643
864 977 146 116 883 692 56 954
810 652 944 367 550 127 871 497
267 315 305 153 914 948 557 795 919
174 826 114 753 335 582 652
360 967 3 716 688 494 587 813 130
429 952 554
835 438 50
212 804 9 699 475 1 354 483
883 953 342 930 800 434
470 598 713 52 375 283 306 279
470 269 528 33 178 226
438 352 131 304 59 619
749 439 617 835 679 763 651 129
611 137 241 179 875 229 208
871 300 852 591 197 356
289 607 239 7 483
553 912 880 835 22
571 107 705 77
796 333 540 237 224 85 423 855 424 846
928 532 380 255 157 72 425 719 347
130 959 536 406
601 563 884 359 601 266 381 10 91 236
712 467
107 552 130 339 566 89
488 638 905 861 889 30 471 813 636 193
384 568 210 728 841 586 131 745 654 759
791 850 317 815 604
408 330 96 868 767 273 739 614 294 195
226 448 79
694 438 632 918 873 890 565 536 244 92
982 352 659 387 618 131 24
352 869 696 235 836 767
515 348
508 875 438 197
125 276 406 87
510 278 197 904 343
611 463 58 738
633 961 702 74 996
753 542 664 126 254 670 508 304 761
425 986 752
669 43 380 677 907 249 497
622 607 208 120 909 289 298 9 576 609
38 885 676
397 515 98
891 792
789 654 976 870 168 763 387 574 739
933 25 204 656 941 211 288 680 232
521 274 770 903 514
945 378 48 732
635 771 407 294 804 802 750 502
736 524 951 837 789 305
284 149 475 414 900
155 97 228 515
567 179 933 551 499 577 210 927 712
363 265 741 342 225 600 932 2 516 119
59 172 351 723 52 901 338 133
193 978 111 935 577 67 113 137 936 943
569 897 934 22
998 270 805 813 786 626 523 350 126 826
107 620
853 832
180 772
172 365 532 233 501 73 216 444 637 374
363 58 832 675 231 517
626 686 328 433 868
613 702 856 749 427 797
967 930 556 292
249 358 455 687 165 304 405 525
472 301
984 209 818 828 708 297 587 562
839 503 839 877 565
76 266
30 193 639 123
976 739 594 497
13 315 983 45 817 485 520
75 735
774 5 196
682 177 622 410
370 346 370 500 252 98 789
838 823 798 425
77 84 983
10 526
295 43 401 815 312 66 764 39 964 127
6 261 499 664 50
344 858 61 329 493
643 245 420 16 430 950
284 286 185 32 851 862 642 736 615
799 840 41 169 462 52 211 675
541 364 761 517 504 69
587 822 378 681 883
207 501 420
819 136 379 327 406 589 843 603
239 831 888 48 247 758 519 883 58 618
262 771 760 131 68 26
418 435 447 379 163 488 436
376 822 642 169
838 423 54 713
574 308 780 878 396 121 840 399 109 811
621 983 885 986 345 999
842 804 352 885 91 951 608 678
15 109 392 774 51 654 683 379 983 796
828 228 661
993 408 655 904 963 501 486
934 473 295 214 73 219 862 656 390
59 841 167 765 830 577 889 655 905
542 807 815 131 808 80 736 628 598
876 155 305 615 217 817 9 418
535 642 25 374 266 942 197
230 664 158 950
211 48 56 610 602 816
676 748 503 928 543 600 82
495 933 399 46 246 900
90 156 575 898 404 455 998 446
578 439 334 612
194 555 603 602 38
805 901 476 751 410 978
105 456 692 852 185 489 265 412 333
951 31 705 76 163 179 750 467 882
178 699 818 411 890 570
134 502 479 966 437 440 360 808 307 963
479 83 573 208 130 269 999 341 492
790 836
317 372 245 317 715 979 484 409 22
223 283 366
483 81 212 321
549 763 685 26 249 578 752 704 159
677 698 921 208 448 208 610
186 811 19 562 834 152 34
969 330 663 799 473 507 301 12
759 706 385
22 839 958 798 764 600
931 307 686 658 381
790 37 598 842 203
203 817 534 99 121 45 943 181 367 638
592 821
317 504 473 811 635
64 654 685
540 3 51 711 494 951 60 239 658 944
922 58 418 508 619 550 518 44
382 848 753 970 444 692 244
844 449 709 760 759 35 84 387 772 117
705 861 93 757 29 369 87
476 513
29 11 391 256 732 546 623
744 313 880 482 266 66 573
730 402 379
8 223 20
211 896 89 485 349
309 482 558 899 219 106 571 182 536
686 767 131
313 155 221
788 837 6 597 251 508 996 204 148
564 341 736 350
833 669 354 913 750 197 413
388 364 928 909 592 818 179 679 543
996 784 518 874 86 910 555 903
793 350
34 362
555 350
907 578 540 377 233
617 792 322 148 448
907 542 561 988 19
227 884 51 326 55 651 953 728 205
322 399 907 388
21 306 782 694 908 247
530 295 217 440 205 771
180 943 994 405 947 436 707 98 503
355 969 160 250 651
1000 938 46 437 532
304 63 544 659 679 342 5 84 159
479 110 447 982 978 19
81 183 314 446 812 528 113 648
71 385 180 784 261 837
31 645 253
403 504 579 268 967 42
218 167 815
524 790 144 370 269 392 28
312 31 657
978 319 804 776 2 612 255 891 402
460 613 304 237 231 386 935 344 554 249
232 488 771 941 444 988 940 297
914 657 567 186 152 999 723
977 610 473 406 616 707 432 156
651 382 810 513 830 874 367 228
2 356 110
681 973 294 913 968 927
240 889 854 262 904 409 975 971 719
499 415 291 459 423 641 659 367 930 952
772 504 141 322 484
557 532 550 421 569 29
500 19 420 688 516 657
167 166 422 389 960 589 693 462
298 307 257 151 795 188 313
49 708 198
710 887 256 469 999 595 78
720 542 853 430 108 704 538 277 866
742 481 817 275 456 400 863
272 765 895 816 820 651 85 598
775 491 692 9 828 530 12 122 58
401 800 802 380
683 778 744 572
380 284 517 157 382 40 694 82 473
447 481
158 308 671 687 893
596 18 941
367 875 774 401 159 344 345 390 995
628 780 176
215 51 141 120 740 375 193 329
99 888 344 936 557 681 892 590 403 525
294 333 200 312 471 906 601 359 687
307 105 22 747 186
613 87 903 186
331 328 647 691 653 759
172 965 658
69 196 747 577 377 347 682
413 333 934 592 453 481 845 671 322
339 742 399 619 310 723 373 883 640
410 695
535 591
928 411 301 656
946 382 346 794 207 991 406 715
279 778 365 131 58
582 691 266
700 27 188 560 987 389 912 153
876 678 20 529 120
792 662
577 45 450 501 128 223 944 112 872
639 146 743 291 62 987 553 44 892
328 516 957 617 765 537 423 371 204
243 724 895 86 388 505
805 113 386 510 241 469 923 491 426
482 490 199 992 543 891 632 984 767
927 712 658 770 56 378
770 164
192 284 911 686 343 234 167 843 612
484 890 125 22
20 720 252 405 624 685
19 52 170 348 236
429 784 752 544 116
319 32 653 465 685 18 922 311 626 733
427 6 730 804 758 469 78 10
66 174 808 540 910 612 782 330 394 835
256 595 898 894 324 927
921 216 11 180 324 227 822 629
771 808 99
224 841
989 192 29
120 591 696
646 679
324 223 367 264
916 136 394 654 648
790 698 451
726 285 608 459 459 599 548
554 306 101
346 152 461 78 693 68 603 168 347
775 786 545
963 263 742 222 930 14 456 202 206 206
268 417
639 92 6 997 405 305
905 326 518 844 12 896
640 575 260 931 322 693 603 94
231 328 996 247 443 109 533 242 665 713
871 325 832 916 88 428 857 868 611 817
553 934 881 833 222 978 836 421
767 956 584
279 225 458 95 737 970
230 435 711 102
25 156
140 169 483 398 144 209
350 450 304 828 81 5 898 17
154 601 335 935 409 757
421 27 91 896 412 84 680 860 992 398
353 365 31 941 386
818 82 333
680 26 85 966 238 196 448
419 110 506 591 214 212 774 493 729
493 621 755 166 339 52 80 393 787
935 946 908 28
379 173 569 978 189 849 715
188 592 616 695 475 388 515 572 668 171
644 248
735 932 421
379 88
318 391 453 738 297 820
718 203 741
32 113 298 628 280 674
696 145 418 537 270 627 806
67 420 277 198 355 966 455 967 268
465 621 92 878 722 501
832 490 649 555 95 384
612 299 471 516 37 154
975 442 63 409 807 803 35 960 106 351
588 46 382 917 847 388 708 749
526 496 668
814 652 385 746 19 878 962 99 318
942 289
859 18
696 57 727 531 807 859 109 60 768 380
637 877 122 496
156 90 599 888 58 245 675 696
209 356 494
556 917 470 503 134 260 346 448 225
586 152 799 650 538 512 858 808
718 58 231 608 570 217 262
417 705 773 562
443 132 199 540
116 53 441
426 189 649 681 741
934 614 210 622
146 188 688 432 490
565 268 85 51 807 201 912 609 238
690 166
287 413
274 430 922
990 129 614 267
238 531 1000 602
187 645
534 522 549 335 830 642 775 304 390
257 512 457
917 527 72
981 405 365 954
771 280 667
857 115
322 639 909 74 813
347 1 726
54 724 749 370
857 370
680 399 195 19 373 350 345 155
834 656 601 121 554 201 101 297 732
958 494 231 745 4
45 558
483 282 496 43 789 308 114 605
904 508 258 645 17 68 62 680 714
271 364 267 527 872 265 297 220 485
563 48 23 898 159 354 125 45
735 596 73 402 477 733 634
117 53 933 534
31 456 96 267 454 152
799 171
963 917 799 845 34 101 743 305 824
60 137
635 119
920 57 293 341 967 432 153 18 411
102 163 797 673 656 948 711
244 413 596
504 306 676 418 97 833 617 500 413
493 886 878 898 166 11 925
31 595 580 74
838 70 782 655 355 647 455
256 732 344
644 651 224 487 774 769 189
497 617 505
801 692 942 557
535 439 764
226 403 982 59 877 968 692
928 292 722
952 240 100 355 546 516
719 406 439 891 903 277 999 834 303
875 359 488 721 135 418 288 861
981 614
418 960 313 560 746 584 707
731 918 898 964 536 990 543
903 605 152 738 296 488 246 274 415 897
608 334 408
42 430 780 698 381 139
777 150 208 25 439
632 594 546 917 228 68 71 360 873
241 645
459 273
787 51 322 717 841 257
52 10 503
308 175 791 426 887 304 719 150 222
889 441 862 970 692 161 379 137
904 154 185 303 749 273 910 949 502 786
511 398
703 557 976 666 693 901 975 635
501 766 896 644 78 999 636 610 617 262
883 395 448 940 459 543 69 237 223
909 962 899 199 549 983
863 653 62 700 565
503 60 491 224
506 56 995
784 522 266
68 945 131 232 771 289
244 614 65 58 17
762 781 722 551 881 640
402 283 481 246 659 845
370 741 789 814 658 65 309 678 694
744 336 204 579
773 756 729 978
17 642 240
101 836
309 237 489
575 578 809
819 814 709 322 850 404 184 344 674
682 645 744 710 527 858
342 926 676 361 441 4 586 336 936 925
432 758 376 699 353 217
10 829 509 946 80 122 273 222 729 861
698 13 705 232 62 527 518 9 513
641 339 829 437 417 793
934 50 851 196 147
816 15 653 951 626 198
57 815 314 995
608 993 427
785 967 37 76 311 468
475 109 866 651 670 97 472 911
15 42 393
60 127 414 469 996 637 959 976
406 895 543 883 916
56 515 147 149 620 653 338
715 550 937 709 887
84 750 500 875 714 74
16 510 145 594 506 104
921 194 215 977 18
186 74 474 458 243 415 788 344 474
130 260 171 644 977 521 932
313 369 702 426 934 820 708 273 105 528
493 202 656 974 759
184 502 900
377 67 514
202 52 476 765
102 301 488 329 212 733 495
78 101 198
463 894 353 267 91
525 929 785 296 320 91 51 881
118 337 35 409 877 541 910 66 614
559 467 577 581 804 135 103 381 668 411
550 393
122 178 175 570 268 547 954 717
791 524 819 309 32 734 105 762
218 767 544 48 720 455 424 525 755 157
697 292 863 774 329 465 415 900 331
232 682 773 855
798 634 500
446 635 148 803 412 218 567
91 836 736 613 411 23 569
273 405 760
581 462
873 228 163 551 818 488 959
197 500 430 195
468 857 678
335 722
598 272 129 849 990 97 188 761 804 381
316 743 154 404 197 439
416 461
979 54 930 57 954 637 140
983 836 774 489 689
46 828 787 393 955 2 841 300 17
112 192 61 291 316 15 833 129 186
785 982 691 798 425 97 890 945 372
600 709 608 354 476 172 582 506 874 840
399 779 133 645 196 845
908 921 546 245 914 765 856 744 562
270 840 922 115 475
391 392 692 739 292 955 412
19 441 772 10 914 836 668 451
634 379 518 264
452 287 895 840 695 281 803 908
572 440 692 831 566
687 577 514 556 920 805 778
590 831 993 789
905 929
126 384
226 935 231 882 955 610
402 905 653 14 944
252 398 667 552 174 7 124
667 379 598 369 589 166 124
540 700 18 907 655 425 542 918 648
728 681
54 295 270 171 980 640 757 463 86 749
297 46 597 415 793
72 375 511 177 804 977 361 955 144 981
717 233 947 661 504 713
448 124 545
756 192 809 820 411
154 487 774 429
484 555 582 14 723 203 937 776
770 138
344 336 126 295 74 832 875 116 426 918
586 87 334 280 482 630 69 718 397
234 542 770 143 299 204 23 623 867
163 911 473 347 579 242 713
473 231 740 409 777 307 826
748 480 941 569
661 878 478 71
892 628 201 739 147
948 718 267 334 435 483 870
551 496
841 239 238
256 853 551 506 855 151
962 705 794
41 127 880 536
627 489 931 843 601 519
756 645
384 454 288
42 43
658 163 459 564 245 287 776 301 871 346
548 481 503
353 194 256 983 551 680 518 915 399
898 952 428 188 405 379 532 48
354 685 364 448 784 328 469 982 3 513
331 219 667 525 691 508 985
41 937 761
476 39 199 898 897
336 258 897 844
537 445 952 715 736 778 201 262
853 287 542 262 399 981 886 381
340 27 989 895 4 981
152 783 748 16 119 333 325 800
18 756 153 80 767 887 12 706 581
209 558 708 919 892 125 603 352 604 329
